# grv-corpus.txt - pinned hpoint cases (Wave 7b).
# row format: px pz s1 s2 s3 s4  (six signed decimals)
# s1=h1,cpos  s2=h2,cpos+1  s3=h3,cpos+201  s4=h4,cpos+200
# generated by grv_mkcorpus.py - byte-stable.
163840 163840 30 60 90 0
163841 163841 30 60 90 0
172031 172031 30 60 90 0
172032 172032 30 60 90 0
172033 172033 30 60 90 0
180223 180223 30 60 90 0
180223 163840 200 10 120 240
163840 180223 200 10 120 240
180224 163840 200 10 120 240
163840 180224 200 10 120 240
163940 180124 200 10 120 240
180124 163940 200 10 120 240
823296 1265664 0 0 0 0
847872 1273856 0 0 0 0
823296 1265664 255 255 255 255
847872 1273856 255 255 255 255
823296 1265664 128 128 128 128
847872 1273856 128 128 128 128
823296 1265664 1 255 1 255
847872 1273856 1 255 1 255
823296 1265664 255 1 255 1
847872 1273856 255 1 255 1
823296 1265664 127 128 129 200
847872 1273856 127 128 129 200
5000 5000 80 100 120 90
21384 21384 80 100 120 90
1627016 1627016 80 100 120 90
3249032 3249032 80 100 120 90
3232648 5000 80 100 120 90
5000 3232648 80 100 120 90
3249032 21384 80 100 120 90
2020232 742280 80 100 120 90
219992 7000 0 0 90 255
219992 23384 7 21 93 248
219992 39768 14 42 84 241
219992 56152 21 63 79 234
219992 72536 28 84 70 227
219992 88920 35 105 121 220
219992 105304 42 126 112 213
219992 121688 49 147 107 206
219992 138072 56 168 98 199
219992 154456 63 189 101 192
219992 170840 70 210 28 185
219992 187224 77 231 23 178
219992 203608 84 252 14 171
219992 219992 91 17 1 164
219992 236376 98 38 56 157
219992 252760 105 59 51 150
219992 269144 112 80 42 143
219992 285528 119 101 45 136
219992 301912 126 122 36 129
219992 318296 133 143 223 122
219992 334680 140 164 214 115
219992 351064 147 185 201 108
219992 367448 154 206 192 101
219992 383832 161 227 251 94
219992 400216 168 248 242 87
219992 416600 175 13 245 80
219992 432984 182 34 236 73
219992 449368 189 55 231 66
219992 465752 196 76 158 59
219992 482136 203 97 145 52
219992 498520 210 118 136 45
219992 514904 217 139 131 38
219992 531288 224 160 186 31
219992 547672 231 181 189 24
219992 564056 238 202 180 17
219992 580440 245 223 175 10
219992 596824 252 244 166 3
219992 613208 3 9 89 252
219992 629592 10 30 80 245
219992 645976 17 51 75 238
219992 662360 24 72 66 231
219992 678744 31 93 69 224
219992 695128 38 114 124 217
219992 711512 45 135 119 210
219992 727896 52 156 110 203
219992 744280 59 177 97 196
219992 760664 66 198 24 189
219992 777048 73 219 19 182
219992 793432 80 240 10 175
219992 809816 87 5 13 168
