# id type seedval_hex64 colorbase secs_scaled use_scaled plwp owner nr ng nb
1 0 414718e8b769baca 192 0 0 343 -1 48 32 63
7 1 c1d18ddb54c5bfcf 192 0 0 59 -1 48 32 63
0 2 412f2b24fff26eeb 192 556778145 1 107 -1 63 58 40
3 3 418fcba3095902b9 192 1344168009 1 102 -1 63 58 40
9 4 c1e1a4c195641e09 192 0 0 71 -1 63 58 40
2 5 41a151537007adaf 192 -954298218 1 155 -1 63 58 40
0 6 41429f53b30bd2ad 192 -954298127 1 148 -1 48 32 63
9 7 c21ef99a731e0b32 192 0 0 217 -1 30 50 63
7 8 41ec6e3c00fe7b86 192 0 0 274 -1 63 58 40
2 9 c159ec210de76f1d 192 0 0 323 -1 48 32 63
1 3 418fcba3095902b9 255 1234567 1 10 -1 63 30 20
1 10 3ff0000000000000 192 1234567 1 0 -1 63 63 63
4 1 40e6087000000000 128 1234567 1 200 3 30 50 63
3 0 c0bfbbc000000000 128 1234567 1 0 2 40 10 10
1 4 401c000000000000 192 1234567 1 359 -1 32 32 32
1 2 c132d68740000000 192 1234567 1 325 -1 63 58 40
1 6 412e847f00000000 192 1234567 1 340 -1 10 20 63
1 5 4008000000000000 192 1234567 1 1 -1 48 32 63
20 9 0000000000000000 192 1234567 1 180 19 0 63 63
1 8 bfe0000000000000 192 1234567 1 90 -1 63 32 16
1 7 3e112e0be826d695 192 1234567 1 45 -1 32 40 32
1 3 c18fcba30c000000 192 1234567 1 137 -1 63 30 20
1 2 40acef0000000000 192 1234567 1 100 -1 63 58 40
1 1 c09f420000000000 192 1234567 1 70 -1 30 50 63
