# grv-corpus.txt - pinned renderer cases (Wave 7b).
# op 1: px pz s1 s2 s3 s4                 (hpoint)
# op 2: x z posx posz s1 s2 s3 s4 shd ssh seed branch
#       (posx/posz = signed decimal of the binary32 bits)
# generated by grv_mkcorpus.py - byte-stable.
1 163840 163840 30 60 90 0
1 163841 163841 30 60 90 0
1 172031 172031 30 60 90 0
1 172032 172032 30 60 90 0
1 172033 172033 30 60 90 0
1 180223 180223 30 60 90 0
1 180223 163840 200 10 120 240
1 163840 180223 200 10 120 240
1 180224 163840 200 10 120 240
1 163840 180224 200 10 120 240
1 163940 180124 200 10 120 240
1 180124 163940 200 10 120 240
1 823296 1265664 0 0 0 0
1 847872 1273856 0 0 0 0
1 823296 1265664 255 255 255 255
1 847872 1273856 255 255 255 255
1 823296 1265664 128 128 128 128
1 847872 1273856 128 128 128 128
1 823296 1265664 1 255 1 255
1 847872 1273856 1 255 1 255
1 823296 1265664 255 1 255 1
1 847872 1273856 255 1 255 1
1 823296 1265664 127 128 129 200
1 847872 1273856 127 128 129 200
1 5000 5000 80 100 120 90
1 21384 21384 80 100 120 90
1 1627016 1627016 80 100 120 90
1 3249032 3249032 80 100 120 90
1 3232648 5000 80 100 120 90
1 5000 3232648 80 100 120 90
1 3249032 21384 80 100 120 90
1 2020232 742280 80 100 120 90
1 219992 7000 0 0 90 255
1 219992 23384 7 21 93 248
1 219992 39768 14 42 84 241
1 219992 56152 21 63 79 234
1 219992 72536 28 84 70 227
1 219992 88920 35 105 121 220
1 219992 105304 42 126 112 213
1 219992 121688 49 147 107 206
1 219992 138072 56 168 98 199
1 219992 154456 63 189 101 192
1 219992 170840 70 210 28 185
1 219992 187224 77 231 23 178
1 219992 203608 84 252 14 171
1 219992 219992 91 17 1 164
1 219992 236376 98 38 56 157
1 219992 252760 105 59 51 150
1 219992 269144 112 80 42 143
1 219992 285528 119 101 45 136
1 219992 301912 126 122 36 129
1 219992 318296 133 143 223 122
1 219992 334680 140 164 214 115
1 219992 351064 147 185 201 108
1 219992 367448 154 206 192 101
1 219992 383832 161 227 251 94
1 219992 400216 168 248 242 87
1 219992 416600 175 13 245 80
1 219992 432984 182 34 236 73
1 219992 449368 189 55 231 66
1 219992 465752 196 76 158 59
1 219992 482136 203 97 145 52
1 219992 498520 210 118 136 45
1 219992 514904 217 139 131 38
1 219992 531288 224 160 186 31
1 219992 547672 231 181 189 24
1 219992 564056 238 202 180 17
1 219992 580440 245 223 175 10
1 219992 596824 252 244 166 3
1 219992 613208 3 9 89 252
1 219992 629592 10 30 80 245
1 219992 645976 17 51 75 238
1 219992 662360 24 72 66 231
1 219992 678744 31 93 69 224
1 219992 695128 38 114 124 217
1 219992 711512 45 135 119 210
1 219992 727896 52 156 110 203
1 219992 744280 59 177 97 196
1 219992 760664 66 198 24 189
1 219992 777048 73 219 19 182
1 219992 793432 80 240 10 175
1 219992 809816 87 5 13 168
2 100 100 1237909504 1237909504 40 50 120 26 1 27 1234567 0
2 101 100 1237909504 1237909504 53 50 120 7 1 8 1234567 0
2 100 101 1237909504 1237909504 40 67 120 107 1 108 1234567 0
2 101 101 1237909504 1237909504 53 67 121 118 1 119 1234567 0
2 99 100 1237909504 1237909504 27 50 120 41 1 42 1234567 0
2 100 99 1237909504 1237909504 40 33 120 9 1 10 1234567 0
2 102 100 1237909504 1237909504 66 50 120 112 1 113 1234567 0
2 100 102 1237909504 1237909504 40 84 120 124 1 125 1234567 0
2 102 102 1237909504 1237909504 66 84 124 22 1 23 1234567 0
2 98 98 1237909504 1237909504 14 16 124 30 1 31 1234567 0
2 103 101 1237909504 1237909504 79 67 123 12 1 13 1234567 0
2 101 103 1237909504 1237909504 53 101 123 80 1 81 1234567 0
2 105 100 1237909504 1237909504 105 50 120 91 1 92 1234567 0
2 100 105 1237909504 1237909504 40 135 120 175 1 176 1234567 0
2 105 105 1237909504 1237909504 105 135 145 238 1 239 1234567 0
2 97 104 1237909504 1237909504 1 118 108 119 1 120 1234567 0
2 104 97 1237909504 1237909504 92 255 108 163 1 164 1234567 0
2 107 107 1237909504 1237909504 131 169 169 42 1 43 1234567 0
2 109 100 1237909504 1237909504 157 50 120 175 1 176 1234567 0
2 100 109 1237909504 1237909504 40 203 120 227 1 228 1234567 0
2 106 106 1237909504 1237909504 118 152 156 238 1 239 1234567 0
2 93 102 1237909504 1237909504 205 84 106 153 1 154 1234567 0
2 101 100 1237909504 1237909504 49 60 200 100 1 66 9876543 1
2 100 101 1237909504 1237909504 30 83 200 100 200 47 9876543 1
2 102 102 1237909504 1237909504 68 106 200 100 -1 85 9876543 1
2 98 98 1237909504 1237909504 248 14 200 100 -200 9 9876543 1
2 104 100 1237909504 1237909504 106 60 200 100 1 123 9876543 1
2 100 104 1237909504 1237909504 30 152 200 100 200 47 9876543 1
2 103 103 1237909504 1237909504 87 129 200 100 -1 104 9876543 1
2 105 105 1237909504 1237909504 125 175 200 100 1 142 9876543 1
2 120 100 1237909504 1237909504 80 90 100 110 1 85 5555555 0
2 100 120 1237909504 1237909504 80 90 100 110 1 85 5555555 0
2 130 130 1237909504 1237909504 80 90 100 110 1 85 5555555 0
2 140 100 1237909504 1237909504 80 90 100 110 1 85 5555555 0
2 150 110 1237909504 1237909504 80 90 100 110 1 85 5555555 0
2 163 163 1237909504 1237909504 80 90 100 110 1 85 5555555 0
2 164 100 1237909504 1237909504 80 90 100 110 1 85 5555555 0
2 165 105 1237909504 1237909504 80 90 100 110 1 85 5555555 0
2 102 102 1237909504 1237909504 64 128 192 200 1 70 0 0
2 102 102 1237909504 1237909504 64 128 192 200 1 70 1 0
2 102 102 1237909504 1237909504 64 128 192 200 1 70 42 0
2 102 102 1237909504 1237909504 64 128 192 200 1 70 100000 0
2 102 102 1237909504 1237909504 64 128 192 200 1 70 2147483647 0
2 102 102 1237909504 1237909504 64 128 192 200 1 70 -1 0
2 102 102 1237909504 1237909504 64 128 192 200 1 70 7777 0
2 102 102 1237909504 1237909504 64 128 192 200 1 70 123123 0
2 101 100 1237909507 1237909504 70 80 90 100 1 75 24680 0
2 102 100 1237909507 1237909504 70 80 90 100 1 75 24680 0
2 103 100 1237909507 1237909504 70 80 90 100 1 75 24680 0
2 104 100 1237909507 1237909504 70 80 90 100 1 75 24680 0
2 105 100 1237909507 1237909504 70 80 90 100 1 75 24680 0
5 1174405120 0 1065353216 1065353216 1237909504 1237909504
5 1174405120 0 1065353216 1065353216 1237909508 1237909508
5 1174405120 0 1065353216 1065353216 -915135488 -915135488
5 1174405120 1065353216 613232946 1065353216 1237909504 1237909504
5 1174405120 1065353216 613232946 1065353216 1237909508 1237909508
5 1174405120 1065353216 613232946 1065353216 -915135488 -915135488
5 1174405120 1060439283 1060439283 1065353216 1237909504 1237909504
5 1174405120 1060439283 1060439283 1065353216 1237909508 1237909508
5 1174405120 1060439283 1060439283 1065353216 -915135488 -915135488
5 1174405120 1056964608 1063105495 1063105495 1237909504 1237909504
5 1174405120 1056964608 1063105495 1063105495 1237909508 1237909508
5 1174405120 1056964608 1063105495 1063105495 -915135488 -915135488
5 1174405120 1063105495 1056964608 1065098332 1237909504 1237909504
5 1174405120 1063105495 1056964608 1065098332 1237909508 1237909508
5 1174405120 1063105495 1056964608 1065098332 -915135488 -915135488
5 1174405120 621621554 -1082130432 1065353216 1237909504 1237909504
5 1174405120 621621554 -1082130432 1065353216 1237909508 1237909508
5 1174405120 621621554 -1082130432 1065353216 -915135488 -915135488
5 1182793728 0 1065353216 1065353216 1237909504 1237909504
5 1182793728 0 1065353216 1065353216 1237909508 1237909508
5 1182793728 0 1065353216 1065353216 -915135488 -915135488
5 1182793728 1065353216 613232946 1065353216 1237909504 1237909504
5 1182793728 1065353216 613232946 1065353216 1237909508 1237909508
5 1182793728 1065353216 613232946 1065353216 -915135488 -915135488
5 1182793728 1060439283 1060439283 1065353216 1237909504 1237909504
5 1182793728 1060439283 1060439283 1065353216 1237909508 1237909508
5 1182793728 1060439283 1060439283 1065353216 -915135488 -915135488
5 1182793728 1056964608 1063105495 1063105495 1237909504 1237909504
5 1182793728 1056964608 1063105495 1063105495 1237909508 1237909508
5 1182793728 1056964608 1063105495 1063105495 -915135488 -915135488
5 1182793728 1063105495 1056964608 1065098332 1237909504 1237909504
5 1182793728 1063105495 1056964608 1065098332 1237909508 1237909508
5 1182793728 1063105495 1056964608 1065098332 -915135488 -915135488
5 1182793728 621621554 -1082130432 1065353216 1237909504 1237909504
5 1182793728 621621554 -1082130432 1065353216 1237909508 1237909508
5 1182793728 621621554 -1082130432 1065353216 -915135488 -915135488
5 1195593856 0 1065353216 1065353216 1237909504 1237909504
5 1195593856 0 1065353216 1065353216 1237909508 1237909508
5 1195593856 0 1065353216 1065353216 -915135488 -915135488
5 1195593856 1065353216 613232946 1065353216 1237909504 1237909504
5 1195593856 1065353216 613232946 1065353216 1237909508 1237909508
5 1195593856 1065353216 613232946 1065353216 -915135488 -915135488
5 1195593856 1060439283 1060439283 1065353216 1237909504 1237909504
5 1195593856 1060439283 1060439283 1065353216 1237909508 1237909508
5 1195593856 1060439283 1060439283 1065353216 -915135488 -915135488
5 1195593856 1056964608 1063105495 1063105495 1237909504 1237909504
5 1195593856 1056964608 1063105495 1063105495 1237909508 1237909508
5 1195593856 1056964608 1063105495 1063105495 -915135488 -915135488
5 1195593856 1063105495 1056964608 1065098332 1237909504 1237909504
5 1195593856 1063105495 1056964608 1065098332 1237909508 1237909508
5 1195593856 1063105495 1056964608 1065098332 -915135488 -915135488
5 1195593856 621621554 -1082130432 1065353216 1237909504 1237909504
5 1195593856 621621554 -1082130432 1065353216 1237909508 1237909508
5 1195593856 621621554 -1082130432 1065353216 -915135488 -915135488
5 -973078528 0 1065353216 1065353216 1237909504 1237909504
5 -973078528 0 1065353216 1065353216 1237909508 1237909508
5 -973078528 0 1065353216 1065353216 -915135488 -915135488
5 -973078528 1065353216 613232946 1065353216 1237909504 1237909504
5 -973078528 1065353216 613232946 1065353216 1237909508 1237909508
5 -973078528 1065353216 613232946 1065353216 -915135488 -915135488
5 -973078528 1060439283 1060439283 1065353216 1237909504 1237909504
5 -973078528 1060439283 1060439283 1065353216 1237909508 1237909508
5 -973078528 1060439283 1060439283 1065353216 -915135488 -915135488
5 -973078528 1056964608 1063105495 1063105495 1237909504 1237909504
5 -973078528 1056964608 1063105495 1063105495 1237909508 1237909508
5 -973078528 1056964608 1063105495 1063105495 -915135488 -915135488
5 -973078528 1063105495 1056964608 1065098332 1237909504 1237909504
5 -973078528 1063105495 1056964608 1065098332 1237909508 1237909508
5 -973078528 1063105495 1056964608 1065098332 -915135488 -915135488
5 -973078528 621621554 -1082130432 1065353216 1237909504 1237909504
5 -973078528 621621554 -1082130432 1065353216 1237909508 1237909508
5 -973078528 621621554 -1082130432 1065353216 -915135488 -915135488
6 0 0 1129447424
6 0 0 1124073472
6 0 0 1128792064
6 0 1110704128 1129447424
6 0 1110704128 1124073472
6 0 1110704128 1128792064
6 0 1118961664 1129447424
6 0 1118961664 1124073472
6 0 1118961664 1128792064
6 0 1119223808 1129447424
6 0 1119223808 1124073472
6 0 1119223808 1128792064
6 0 1127415808 1129447424
6 0 1127415808 1124073472
6 0 1127415808 1128792064
6 0 -1036779520 1129447424
6 0 -1036779520 1124073472
6 0 -1036779520 1128792064
6 0 1123483648 1129447424
6 0 1123483648 1124073472
6 0 1123483648 1128792064
6 1065353216 0 1129447424
6 1065353216 0 1124073472
6 1065353216 0 1128792064
6 1065353216 1110704128 1129447424
6 1065353216 1110704128 1124073472
6 1065353216 1110704128 1128792064
6 1065353216 1118961664 1129447424
6 1065353216 1118961664 1124073472
6 1065353216 1118961664 1128792064
6 1065353216 1119223808 1129447424
6 1065353216 1119223808 1124073472
6 1065353216 1119223808 1128792064
6 1065353216 1127415808 1129447424
6 1065353216 1127415808 1124073472
6 1065353216 1127415808 1128792064
6 1065353216 -1036779520 1129447424
6 1065353216 -1036779520 1124073472
6 1065353216 -1036779520 1128792064
6 1065353216 1123483648 1129447424
6 1065353216 1123483648 1124073472
6 1065353216 1123483648 1128792064
6 1092616192 0 1129447424
6 1092616192 0 1124073472
6 1092616192 0 1128792064
6 1092616192 1110704128 1129447424
6 1092616192 1110704128 1124073472
6 1092616192 1110704128 1128792064
6 1092616192 1118961664 1129447424
6 1092616192 1118961664 1124073472
6 1092616192 1118961664 1128792064
6 1092616192 1119223808 1129447424
6 1092616192 1119223808 1124073472
6 1092616192 1119223808 1128792064
6 1092616192 1127415808 1129447424
6 1092616192 1127415808 1124073472
6 1092616192 1127415808 1128792064
6 1092616192 -1036779520 1129447424
6 1092616192 -1036779520 1124073472
6 1092616192 -1036779520 1128792064
6 1092616192 1123483648 1129447424
6 1092616192 1123483648 1124073472
6 1092616192 1123483648 1128792064
6 1106247680 0 1129447424
6 1106247680 0 1124073472
6 1106247680 0 1128792064
6 1106247680 1110704128 1129447424
6 1106247680 1110704128 1124073472
6 1106247680 1110704128 1128792064
6 1106247680 1118961664 1129447424
6 1106247680 1118961664 1124073472
6 1106247680 1118961664 1128792064
6 1106247680 1119223808 1129447424
6 1106247680 1119223808 1124073472
6 1106247680 1119223808 1128792064
6 1106247680 1127415808 1129447424
6 1106247680 1127415808 1124073472
6 1106247680 1127415808 1128792064
6 1106247680 -1036779520 1129447424
6 1106247680 -1036779520 1124073472
6 1106247680 -1036779520 1128792064
6 1106247680 1123483648 1129447424
6 1106247680 1123483648 1124073472
6 1106247680 1123483648 1128792064
6 1110704128 0 1129447424
6 1110704128 0 1124073472
6 1110704128 0 1128792064
6 1110704128 1110704128 1129447424
6 1110704128 1110704128 1124073472
6 1110704128 1110704128 1128792064
6 1110704128 1118961664 1129447424
6 1110704128 1118961664 1124073472
6 1110704128 1118961664 1128792064
6 1110704128 1119223808 1129447424
6 1110704128 1119223808 1124073472
6 1110704128 1119223808 1128792064
6 1110704128 1127415808 1129447424
6 1110704128 1127415808 1124073472
6 1110704128 1127415808 1128792064
6 1110704128 -1036779520 1129447424
6 1110704128 -1036779520 1124073472
6 1110704128 -1036779520 1128792064
6 1110704128 1123483648 1129447424
6 1110704128 1123483648 1124073472
6 1110704128 1123483648 1128792064
6 1114636288 0 1129447424
6 1114636288 0 1124073472
6 1114636288 0 1128792064
6 1114636288 1110704128 1129447424
6 1114636288 1110704128 1124073472
6 1114636288 1110704128 1128792064
6 1114636288 1118961664 1129447424
6 1114636288 1118961664 1124073472
6 1114636288 1118961664 1128792064
6 1114636288 1119223808 1129447424
6 1114636288 1119223808 1124073472
6 1114636288 1119223808 1128792064
6 1114636288 1127415808 1129447424
6 1114636288 1127415808 1124073472
6 1114636288 1127415808 1128792064
6 1114636288 -1036779520 1129447424
6 1114636288 -1036779520 1124073472
6 1114636288 -1036779520 1128792064
6 1114636288 1123483648 1129447424
6 1114636288 1123483648 1124073472
6 1114636288 1123483648 1128792064
6 1118961664 0 1129447424
6 1118961664 0 1124073472
6 1118961664 0 1128792064
6 1118961664 1110704128 1129447424
6 1118961664 1110704128 1124073472
6 1118961664 1110704128 1128792064
6 1118961664 1118961664 1129447424
6 1118961664 1118961664 1124073472
6 1118961664 1118961664 1128792064
6 1118961664 1119223808 1129447424
6 1118961664 1119223808 1124073472
6 1118961664 1119223808 1128792064
6 1118961664 1127415808 1129447424
6 1118961664 1127415808 1124073472
6 1118961664 1127415808 1128792064
6 1118961664 -1036779520 1129447424
6 1118961664 -1036779520 1124073472
6 1118961664 -1036779520 1128792064
6 1118961664 1123483648 1129447424
6 1118961664 1123483648 1124073472
6 1118961664 1123483648 1128792064
6 1119223808 0 1129447424
6 1119223808 0 1124073472
6 1119223808 0 1128792064
6 1119223808 1110704128 1129447424
6 1119223808 1110704128 1124073472
6 1119223808 1110704128 1128792064
6 1119223808 1118961664 1129447424
6 1119223808 1118961664 1124073472
6 1119223808 1118961664 1128792064
6 1119223808 1119223808 1129447424
6 1119223808 1119223808 1124073472
6 1119223808 1119223808 1128792064
6 1119223808 1127415808 1129447424
6 1119223808 1127415808 1124073472
6 1119223808 1127415808 1128792064
6 1119223808 -1036779520 1129447424
6 1119223808 -1036779520 1124073472
6 1119223808 -1036779520 1128792064
6 1119223808 1123483648 1129447424
6 1119223808 1123483648 1124073472
6 1119223808 1123483648 1128792064
6 1124532224 0 1129447424
6 1124532224 0 1124073472
6 1124532224 0 1128792064
6 1124532224 1110704128 1129447424
6 1124532224 1110704128 1124073472
6 1124532224 1110704128 1128792064
6 1124532224 1118961664 1129447424
6 1124532224 1118961664 1124073472
6 1124532224 1118961664 1128792064
6 1124532224 1119223808 1129447424
6 1124532224 1119223808 1124073472
6 1124532224 1119223808 1128792064
6 1124532224 1127415808 1129447424
6 1124532224 1127415808 1124073472
6 1124532224 1127415808 1128792064
6 1124532224 -1036779520 1129447424
6 1124532224 -1036779520 1124073472
6 1124532224 -1036779520 1128792064
6 1124532224 1123483648 1129447424
6 1124532224 1123483648 1124073472
6 1124532224 1123483648 1128792064
6 1127415808 0 1129447424
6 1127415808 0 1124073472
6 1127415808 0 1128792064
6 1127415808 1110704128 1129447424
6 1127415808 1110704128 1124073472
6 1127415808 1110704128 1128792064
6 1127415808 1118961664 1129447424
6 1127415808 1118961664 1124073472
6 1127415808 1118961664 1128792064
6 1127415808 1119223808 1129447424
6 1127415808 1119223808 1124073472
6 1127415808 1119223808 1128792064
6 1127415808 1127415808 1129447424
6 1127415808 1127415808 1124073472
6 1127415808 1127415808 1128792064
6 1127415808 -1036779520 1129447424
6 1127415808 -1036779520 1124073472
6 1127415808 -1036779520 1128792064
6 1127415808 1123483648 1129447424
6 1127415808 1123483648 1124073472
6 1127415808 1123483648 1128792064
6 1127546880 0 1129447424
6 1127546880 0 1124073472
6 1127546880 0 1128792064
6 1127546880 1110704128 1129447424
6 1127546880 1110704128 1124073472
6 1127546880 1110704128 1128792064
6 1127546880 1118961664 1129447424
6 1127546880 1118961664 1124073472
6 1127546880 1118961664 1128792064
6 1127546880 1119223808 1129447424
6 1127546880 1119223808 1124073472
6 1127546880 1119223808 1128792064
6 1127546880 1127415808 1129447424
6 1127546880 1127415808 1124073472
6 1127546880 1127415808 1128792064
6 1127546880 -1036779520 1129447424
6 1127546880 -1036779520 1124073472
6 1127546880 -1036779520 1128792064
6 1127546880 1123483648 1129447424
6 1127546880 1123483648 1124073472
6 1127546880 1123483648 1128792064
6 1132888064 0 1129447424
6 1132888064 0 1124073472
6 1132888064 0 1128792064
6 1132888064 1110704128 1129447424
6 1132888064 1110704128 1124073472
6 1132888064 1110704128 1128792064
6 1132888064 1118961664 1129447424
6 1132888064 1118961664 1124073472
6 1132888064 1118961664 1128792064
6 1132888064 1119223808 1129447424
6 1132888064 1119223808 1124073472
6 1132888064 1119223808 1128792064
6 1132888064 1127415808 1129447424
6 1132888064 1127415808 1124073472
6 1132888064 1127415808 1128792064
6 1132888064 -1036779520 1129447424
6 1132888064 -1036779520 1124073472
6 1132888064 -1036779520 1128792064
6 1132888064 1123483648 1129447424
6 1132888064 1123483648 1124073472
6 1132888064 1123483648 1128792064
6 1132953600 0 1129447424
6 1132953600 0 1124073472
6 1132953600 0 1128792064
6 1132953600 1110704128 1129447424
6 1132953600 1110704128 1124073472
6 1132953600 1110704128 1128792064
6 1132953600 1118961664 1129447424
6 1132953600 1118961664 1124073472
6 1132953600 1118961664 1128792064
6 1132953600 1119223808 1129447424
6 1132953600 1119223808 1124073472
6 1132953600 1119223808 1128792064
6 1132953600 1127415808 1129447424
6 1132953600 1127415808 1124073472
6 1132953600 1127415808 1128792064
6 1132953600 -1036779520 1129447424
6 1132953600 -1036779520 1124073472
6 1132953600 -1036779520 1128792064
6 1132953600 1123483648 1129447424
6 1132953600 1123483648 1124073472
6 1132953600 1123483648 1128792064
6 -1041235968 0 1129447424
6 -1041235968 0 1124073472
6 -1041235968 0 1128792064
6 -1041235968 1110704128 1129447424
6 -1041235968 1110704128 1124073472
6 -1041235968 1110704128 1128792064
6 -1041235968 1118961664 1129447424
6 -1041235968 1118961664 1124073472
6 -1041235968 1118961664 1128792064
6 -1041235968 1119223808 1129447424
6 -1041235968 1119223808 1124073472
6 -1041235968 1119223808 1128792064
6 -1041235968 1127415808 1129447424
6 -1041235968 1127415808 1124073472
6 -1041235968 1127415808 1128792064
6 -1041235968 -1036779520 1129447424
6 -1041235968 -1036779520 1124073472
6 -1041235968 -1036779520 1128792064
6 -1041235968 1123483648 1129447424
6 -1041235968 1123483648 1124073472
6 -1041235968 1123483648 1128792064
6 -1028521984 0 1129447424
6 -1028521984 0 1124073472
6 -1028521984 0 1128792064
6 -1028521984 1110704128 1129447424
6 -1028521984 1110704128 1124073472
6 -1028521984 1110704128 1128792064
6 -1028521984 1118961664 1129447424
6 -1028521984 1118961664 1124073472
6 -1028521984 1118961664 1128792064
6 -1028521984 1119223808 1129447424
6 -1028521984 1119223808 1124073472
6 -1028521984 1119223808 1128792064
6 -1028521984 1127415808 1129447424
6 -1028521984 1127415808 1124073472
6 -1028521984 1127415808 1128792064
6 -1028521984 -1036779520 1129447424
6 -1028521984 -1036779520 1124073472
6 -1028521984 -1036779520 1128792064
6 -1028521984 1123483648 1129447424
6 -1028521984 1123483648 1124073472
6 -1028521984 1123483648 1128792064
6 1135837184 0 1129447424
6 1135837184 0 1124073472
6 1135837184 0 1128792064
6 1135837184 1110704128 1129447424
6 1135837184 1110704128 1124073472
6 1135837184 1110704128 1128792064
6 1135837184 1118961664 1129447424
6 1135837184 1118961664 1124073472
6 1135837184 1118961664 1128792064
6 1135837184 1119223808 1129447424
6 1135837184 1119223808 1124073472
6 1135837184 1119223808 1128792064
6 1135837184 1127415808 1129447424
6 1135837184 1127415808 1124073472
6 1135837184 1127415808 1128792064
6 1135837184 -1036779520 1129447424
6 1135837184 -1036779520 1124073472
6 1135837184 -1036779520 1128792064
6 1135837184 1123483648 1129447424
6 1135837184 1123483648 1124073472
6 1135837184 1123483648 1128792064
6 1137180672 0 1129447424
6 1137180672 0 1124073472
6 1137180672 0 1128792064
6 1137180672 1110704128 1129447424
6 1137180672 1110704128 1124073472
6 1137180672 1110704128 1128792064
6 1137180672 1118961664 1129447424
6 1137180672 1118961664 1124073472
6 1137180672 1118961664 1128792064
6 1137180672 1119223808 1129447424
6 1137180672 1119223808 1124073472
6 1137180672 1119223808 1128792064
6 1137180672 1127415808 1129447424
6 1137180672 1127415808 1124073472
6 1137180672 1127415808 1128792064
6 1137180672 -1036779520 1129447424
6 1137180672 -1036779520 1124073472
6 1137180672 -1036779520 1128792064
6 1137180672 1123483648 1129447424
6 1137180672 1123483648 1124073472
6 1137180672 1123483648 1128792064
6 1056964608 0 1129447424
6 1056964608 0 1124073472
6 1056964608 0 1128792064
6 1056964608 1110704128 1129447424
6 1056964608 1110704128 1124073472
6 1056964608 1110704128 1128792064
6 1056964608 1118961664 1129447424
6 1056964608 1118961664 1124073472
6 1056964608 1118961664 1128792064
6 1056964608 1119223808 1129447424
6 1056964608 1119223808 1124073472
6 1056964608 1119223808 1128792064
6 1056964608 1127415808 1129447424
6 1056964608 1127415808 1124073472
6 1056964608 1127415808 1128792064
6 1056964608 -1036779520 1129447424
6 1056964608 -1036779520 1124073472
6 1056964608 -1036779520 1128792064
6 1056964608 1123483648 1129447424
6 1056964608 1123483648 1124073472
6 1056964608 1123483648 1128792064
6 1094975488 0 1129447424
6 1094975488 0 1124073472
6 1094975488 0 1128792064
6 1094975488 1110704128 1129447424
6 1094975488 1110704128 1124073472
6 1094975488 1110704128 1128792064
6 1094975488 1118961664 1129447424
6 1094975488 1118961664 1124073472
6 1094975488 1118961664 1128792064
6 1094975488 1119223808 1129447424
6 1094975488 1119223808 1124073472
6 1094975488 1119223808 1128792064
6 1094975488 1127415808 1129447424
6 1094975488 1127415808 1124073472
6 1094975488 1127415808 1128792064
6 1094975488 -1036779520 1129447424
6 1094975488 -1036779520 1124073472
6 1094975488 -1036779520 1128792064
6 1094975488 1123483648 1129447424
6 1094975488 1123483648 1124073472
6 1094975488 1123483648 1128792064
