# TRANSLITERATED from the frozen corpora - see xlat.py.
# op id pre ...
# SEG_VERT_DOWN      case 1  (SEG)
1 1 0 100 20 100 40
# SEG_VERT_UP        case 2  (SEG)
1 2 0 100 40 100 20
# SEG_VERT_1PX       case 3  (SEG)
1 3 0 100 30 100 30
# SEG_VERT_X0        case 4  (SEG)
1 4 0 0 10 0 15
# SEG_VERT_XMAX      case 5  (SEG)
1 5 0 311 10 311 15
# SEG_NEARBOT        case 6  (SEG)
1 6 0 150 185 150 190
# SEG_HORIZ_R        case 7  (SEG)
1 7 0 20 50 60 50
# SEG_HORIZ_L        case 8  (SEG)
1 8 0 60 50 20 50
# SEG_DIAG45         case 9  (SEG)
1 9 0 10 10 50 50
# SEG_DIAG45_REV     case 10  (SEG)
1 10 0 50 50 10 10
# SEG_STEEP          case 11  (SEG)
1 11 0 100 20 105 90
# SEG_STEEP_REV      case 12  (SEG)
1 12 0 105 90 100 20
# SEG_SHALLOW        case 13  (SEG)
1 13 0 20 100 200 110
# SEG_SHALLOW_REV    case 14  (SEG)
1 14 0 200 110 20 100
# SEG_ENDPT_A        case 15  (SEG)
1 15 0 50 60 60 60
# SEG_ENDPT_B        case 16  (SEG)
1 16 0 60 60 50 60
# SEG_ENDPT_DIAG     case 17  (SEG)
1 17 0 50 60 60 70
# SEG_LONG           case 18  (SEG)
1 18 0 5 10 311 190
# SEG_LONG_REV       case 19  (SEG)
1 19 0 311 190 5 10
# SEG_ONPRE1         case 20  (SEG)
1 20 1 20 30 120 35
# SEG_CARRY          case 21  (SEG)
1 21 3 20 36 120 41
# SEG_TOPLEFT        case 22  (SEG)
1 22 0 5 10 6 11
# BBOX_IN            case 23  (BBOX)
2 23 0 3 50 50 100 60 70 120
# BBOX_EQ_UBX        case 24  (BBOX)
2 24 0 3 50 50 311 60 70 120
# BBOX_EQ_UBY        case 25  (BBOX)
2 25 0 3 50 50 100 190 70 120
# BBOX_EQ_LBX        case 26  (BBOX)
2 26 0 3 5 50 100 60 70 120
# BBOX_EQ_LBY        case 27  (BBOX)
2 27 0 3 50 10 100 60 70 120
# BBOX_LBX_M1        case 28  (BBOX)
2 28 0 3 4 50 100 60 70 120
# BBOX_LBY_M1        case 29  (BBOX)
2 29 0 3 50 9 100 60 70 120
# BBOX_UBX_P1        case 30  (BBOX)
2 30 0 3 50 50 312 60 70 120
# BBOX_UBY_P1        case 31  (BBOX)
2 31 0 3 50 50 100 191 70 120
# BBOX_SEED_X        case 32  (BBOX)
2 32 0 3 200 50 250 60 220 120
# BBOX_SEED_Y        case 33  (BBOX)
2 33 0 3 50 150 100 160 70 180
# BBOX_ALLOUT        case 34  (BBOX)
2 34 0 3 -500 -500 900 900 400 -20
# BBOX_QUAD          case 35  (BBOX)
2 35 0 4 20 20 300 25 305 180 15 175
# BBOX_HUGE          case 36  (BBOX)
2 36 0 3 50 50 10000000 60 70 120
# BIG                case 37  (FILL)
3 37 0 3 40 30 260 50 150 170 40 260 30 170 1 0 1
# BIG_PRE1           case 38  (FILL)
3 38 1 3 40 30 260 50 150 170 40 260 30 170 17 0 1
# QUAD               case 39  (FILL)
3 39 0 4 40 30 260 40 250 170 50 160 40 260 30 170 9 0 1
# SLIVER1            case 40  (FILL)
3 40 0 4 100 20 101 20 101 140 100 140 100 101 20 140 3 0 1
# SLIVERDIAG         case 41  (FILL)
3 41 0 4 40 20 43 20 80 150 77 150 40 80 20 150 4 0 1
# TALLTHIN           case 42  (FILL)
3 42 0 4 200 10 201 10 201 190 200 190 200 201 10 190 5 0 1
# HORIZTOP           case 43  (FILL)
3 43 0 3 30 10 200 10 120 80 30 200 10 80 6 0 1
# HORIZBOT           case 44  (FILL)
3 44 0 3 30 190 200 190 120 120 30 200 120 190 7 0 1
# ROWWIDE            case 45  (FILL)
3 45 0 3 30 100 200 100 120 100 30 200 100 100 8 0 1
# DEGEN              case 46  (FILL)
3 46 0 3 77 77 77 77 77 77 77 77 77 77 11 0 1
# COLLIN             case 47  (FILL)
3 47 0 3 30 30 90 60 150 90 30 150 30 90 12 0 1
# RIGHTEDGE          case 48  (FILL)
3 48 0 4 250 40 311 40 311 150 250 150 250 311 40 150 13 0 1
# LEFTEDGE           case 49  (FILL)
3 49 0 4 5 40 60 40 60 150 5 150 5 60 40 150 14 0 1
# CONCAVE            case 50  (FILL)
3 50 0 5 40 30 260 30 150 90 260 170 40 170 40 260 30 170 15 0 1
# BOWTIE             case 51  (FILL)
3 51 0 4 40 30 260 170 40 170 260 30 40 260 30 170 16 0 1
# PRE255MID          case 52  (FILL)
3 52 2 3 40 30 260 50 150 170 40 260 30 170 18 0 1
# PRE255RIGHT        case 53  (FILL)
3 53 2 4 30 140 120 140 120 160 30 160 30 120 140 160 19 0 1
# ADJ255             case 54  (FILL)
3 54 2 4 20 45 90 45 90 55 20 55 20 90 45 55 20 0 1
# PRE1ALL            case 55  (FILL)
3 55 1 3 60 60 200 70 160 150 60 200 60 150 21 0 1
# SHARED_A           case 56  (FILL)
3 56 0 3 60 40 200 40 60 150 60 200 40 150 22 0 1
# SHARED_B           case 57  (FILL)
3 57 3 3 200 40 200 150 60 150 60 200 40 150 23 0 1
# SHARED_C           case 58  (FILL)
3 58 3 4 60 40 200 40 200 150 60 150 60 200 40 150 24 0 1
# CLIPPED_BBOX       case 59  (FILL)
3 59 0 4 5 40 311 40 311 150 5 150 5 311 10 190 25 0 1
# CLIPPED_BBOX2      case 60  (FILL)
3 60 0 4 60 60 200 60 200 120 60 120 5 311 10 190 26 0 1
# FL1                case 61  (FILL)
3 61 1 3 40 30 260 50 150 170 40 260 30 170 42 1 1
# FL1_CLAMP          case 62  (FILL)
3 62 1 3 40 30 260 50 150 170 40 260 30 170 63 1 1
# FL2                case 63  (FILL)
3 63 1 3 40 30 260 50 150 170 40 260 30 170 42 2 1
# FL2_PRE0           case 64  (FILL)
3 64 0 3 40 30 260 50 150 170 40 260 30 170 42 2 1
# FL4                case 65  (FILL)
3 65 0 3 40 30 260 50 150 170 40 260 30 170 65 4 1
# FL4_WRAP           case 66  (FILL)
3 66 0 3 40 30 260 50 150 170 40 260 30 170 65 4 129
# FL4_ENT7           case 67  (FILL)
3 67 0 3 40 30 260 50 150 170 40 260 30 170 0 4 7
# FL_NOCASE3         case 68  (FILL)
3 68 0 3 40 30 260 50 150 170 40 260 30 170 27 3 1
# FL_NOCASE5         case 69  (FILL)
3 69 0 3 40 30 260 50 150 170 40 260 30 170 28 5 1
# FL_NOCASE6         case 70  (FILL)
3 70 0 3 40 30 260 50 150 170 40 260 30 170 29 6 1
# FL1_ROW            case 71  (FILL)
3 71 1 3 30 100 200 100 120 100 30 200 100 100 32 1 1
# COL255_A           case 72  (FILL)
3 72 0 3 40 30 260 50 150 170 40 260 30 170 255 0 1
# COL255_B           case 73  (FILL)
3 73 3 3 60 60 240 70 150 150 60 240 60 150 30 0 1
# ED_TRI             case 74  (EDGE)
4 74 0 6 50 30 200 60 120 150 30 150
# ED_QUAD            case 75  (EDGE)
4 75 0 8 50 30 200 40 210 150 40 140 30 150
# ED_ABOVE_TOP       case 76  (EDGE)
4 76 0 6 50 -40 200 -30 120 150 10 150
# ED_CROSS_TOP       case 77  (EDGE)
4 77 0 6 50 -5 200 20 120 150 10 150
# ED_CROSS_BOT       case 78  (EDGE)
4 78 0 6 50 30 200 60 120 260 30 190
# ED_BOTH            case 79  (EDGE)
4 79 0 6 50 -100 200 -90 120 400 10 190
# ED_ONESCAN         case 80  (EDGE)
4 80 0 6 50 100 200 101 120 101 100 101
# ED_HORIZ           case 81  (EDGE)
4 81 0 6 50 100 200 100 120 150 100 150
# ED_TALL            case 82  (EDGE)
4 82 0 6 60 10 70 190 200 100 10 190
# ED_CLAMP_LEFT      case 83  (EDGE)
4 83 0 6 -40000 50 200 60 120 150 50 150
# ED_CLAMP_RIGHT     case 84  (EDGE)
4 84 0 6 40000 50 200 60 120 150 50 150
# ED_TIE_HALF        case 85  (EDGE)
4 85 0 6 51 20 101 120 60 120 20 120
# ED_TIE_HALF2       case 86  (EDGE)
4 86 0 6 50 20 100 120 61 120 20 120
# ED_TIE_QTR         case 87  (EDGE)
4 87 0 6 50 20 75 120 60 120 20 120
# ED_NEG_SLOPE       case 88  (EDGE)
4 88 0 6 200 20 150 120 210 120 20 120
# ED_DRIFT           case 89  (EDGE)
4 89 0 6 20 10 300 180 25 180 10 180
# ED_DRIFT_REV       case 90  (EDGE)
4 90 0 6 300 10 20 180 295 180 10 180
# ED_HUGE            case 91  (EDGE)
4 91 0 6 20000000 50 200 60 120 150 50 150
# ED_ITY_EQ_JTY      case 92  (EDGE)
4 92 0 6 60 5 120 10 200 60 10 60
# ED_ITY_EQ_JTY2     case 93  (EDGE)
4 93 0 6 20 2 300 2 160 10 10 20
# ED_TIE_TOPCLIP     case 94  (EDGE)
4 94 0 6 51 0 56 20 200 100 10 100
# ED_TIE_TOPCLIP2    case 95  (EDGE)
4 95 0 6 53 0 58 20 200 100 10 100
# ED_CLOSING         case 96  (EDGE)
4 96 0 6 200 30 210 150 50 60 30 150
# SP_SHORT           case 97  (SPAN)
5 97 0 0 100 100 105 0 224 0 0 0 101 3 0 0 1024 512 2048 1024 3072 1536
# SP_EXACT16         case 98  (SPAN)
5 98 0 0 100 100 116 0 224 0 0 0 101 3 0 0 1024 512 2048 1024 3072 1536
# SP_EXACT17         case 99  (SPAN)
5 99 0 0 100 100 117 0 224 0 0 0 101 4 0 0 1024 512 2048 1024 3072 1536 4096 2048
# SP_EXACT32         case 100  (SPAN)
5 100 0 0 100 100 132 0 224 0 0 0 101 4 0 0 1024 512 2048 1024 3072 1536 4096 2048
# SP_EXACT33         case 101  (SPAN)
5 101 0 0 100 100 133 0 224 0 0 0 101 5 0 0 1024 512 2048 1024 3072 1536 4096 2048 5120 2560
# SP_LONG            case 102  (SPAN)
5 102 0 0 100 6 310 0 224 0 0 0 101 22 0 0 1024 512 2048 1024 3072 1536 4096 2048 5120 2560 6144 3072 7168 3584 8192 4096 9216 4608 10240 5120 11264 5632 12288 6144 13312 6656 14336 7168 15360 7680 16384 8192 17408 8704 18432 9216 19456 9728 20480 10240 21504 10752 22528 11264
# SP_ZERO            case 103  (SPAN)
5 103 0 0 100 100 100 0 224 0 0 0 101 3 0 0 0 0 0 0 0 0
# SP_NEGSEC          case 104  (SPAN)
5 104 0 0 100 150 120 0 224 0 0 0 101 3 0 0 0 0 0 0 0 0
# SP_UWRAP           case 105  (SPAN)
5 105 0 0 100 100 132 0 224 0 0 0 101 4 65520 0 69616 0 73712 0 77808 0 81904 0
# SP_VWRAP           case 106  (SPAN)
5 106 0 0 100 100 132 0 224 0 0 0 101 4 0 65520 0 69616 0 73712 0 77808 0 81904
# SP_FULLWRAP        case 107  (SPAN)
5 107 0 0 100 100 132 0 224 0 0 0 101 4 65280 65280 71424 71424 77568 77568 83712 83712 89856 89856
# SP_NEGSTEP         case 108  (SPAN)
5 108 0 0 100 100 132 0 224 0 0 0 101 4 32768 32768 31744 32256 30720 31744 29696 31232 28672 30720
# SP_SARTRUNC        case 109  (SPAN)
5 109 0 0 100 100 132 0 224 0 0 0 101 4 32768 32768 32751 32735 32734 32702 32717 32669 32700 32636
# SP_TEX1            case 110  (SPAN)
5 110 0 1 100 100 132 0 224 0 0 0 101 4 0 0 4112 4112 8224 8224 12336 12336 16448 16448
# SP_TEX2            case 111  (SPAN)
5 111 0 2 100 100 132 0 224 0 0 0 101 4 0 0 1024 512 2048 1024 3072 1536 4096 2048
# SP_TEX3            case 112  (SPAN)
5 112 0 3 100 100 132 0 224 0 0 0 101 4 0 0 4112 4112 8224 8224 12336 12336 16448 16448
# SP_INT             case 113  (SPAN)
5 113 1 0 100 100 132 17 224 0 0 0 101 4 0 0 1024 512 2048 1024 3072 1536 4096 2048
# SP_INT_P0          case 114  (SPAN)
5 114 0 0 102 100 132 17 224 0 0 0 103 4 0 0 1024 512 2048 1024 3072 1536 4096 2048
# SP_TRANSP          case 115  (SPAN)
5 115 1 0 100 100 132 17 224 1 0 0 101 4 0 0 1024 512 2048 1024 3072 1536 4096 2048
# SP_TRANSP_P0       case 116  (SPAN)
5 116 0 0 102 100 132 17 224 1 0 0 103 4 0 0 1024 512 2048 1024 3072 1536 4096 2048
# SP_BRIGHT          case 117  (SPAN)
5 117 1 0 100 100 132 17 224 2 0 0 101 4 0 0 1024 512 2048 1024 3072 1536 4096 2048
# SP_BRIGHT_P0       case 118  (SPAN)
5 118 0 0 102 100 132 17 224 2 0 0 103 4 0 0 1024 512 2048 1024 3072 1536 4096 2048
# SP_MERGER          case 119  (SPAN)
5 119 1 0 100 100 132 17 224 4 0 0 101 4 0 0 1024 512 2048 1024 3072 1536 4096 2048
# SP_MERGER_P0       case 120  (SPAN)
5 120 0 0 102 100 132 17 224 4 0 0 103 4 0 0 1024 512 2048 1024 3072 1536 4096 2048
# SP_BUMP            case 121  (SPAN)
5 121 1 0 100 100 132 17 224 8 0 0 101 4 0 0 1024 512 2048 1024 3072 1536 4096 2048
# SP_BUMP_P0         case 122  (SPAN)
5 122 0 0 102 100 132 17 224 8 0 0 103 4 0 0 1024 512 2048 1024 3072 1536 4096 2048
# SP_BRIGHT_CLAMP    case 123  (SPAN)
5 123 1 0 100 100 132 0 224 2 0 0 101 4 0 0 1024 512 2048 1024 3072 1536 4096 2048
# SP_MERGER_BLEED    case 124  (SPAN)
5 124 1 0 100 100 132 192 224 4 0 0 101 4 0 0 1024 512 2048 1024 3072 1536 4096 2048
# SP_BUMP_N0         case 125  (SPAN)
5 125 1 2 100 100 116 7 224 8 0 0 101 3 0 0 1024 512 2048 1024 3072 1536
# SP_BUMP_N1         case 126  (SPAN)
5 126 1 2 100 100 116 0 224 8 0 0 101 3 0 0 1024 512 2048 1024 3072 1536
# SP_BUMP_N7         case 127  (SPAN)
5 127 1 2 100 100 116 6 224 8 0 0 101 3 0 0 1024 512 2048 1024 3072 1536
# SP_FL6             case 128  (SPAN)
5 128 1 0 100 100 132 17 224 6 0 0 101 4 0 0 1024 512 2048 1024 3072 1536 4096 2048
# SP_FL10            case 129  (SPAN)
5 129 1 0 100 100 132 17 224 10 0 0 101 4 0 0 1024 512 2048 1024 3072 1536 4096 2048
# SP_FL3             case 130  (SPAN)
5 130 1 0 100 100 132 17 224 3 0 0 101 4 0 0 1024 512 2048 1024 3072 1536 4096 2048
# SP_C_EXACT32       case 131  (SPAN)
5 131 1 0 100 100 132 0 224 0 1 0 101 4 0 0 2048 1024 4096 2048 6144 3072 8192 4096
# SP_C_EXACT33       case 132  (SPAN)
5 132 1 0 100 100 133 0 224 0 1 0 101 5 0 0 2048 1024 4096 2048 6144 3072 8192 4096 10240 5120
# SP_C_SHORT         case 133  (SPAN)
5 133 1 0 100 100 103 0 224 0 1 0 101 3 0 0 2048 1024 4096 2048 6144 3072
# SP_C_LONG          case 134  (SPAN)
5 134 1 0 100 6 310 0 224 0 1 0 101 14 0 0 2048 1024 4096 2048 6144 3072 8192 4096 10240 5120 12288 6144 14336 7168 16384 8192 18432 9216 20480 10240 22528 11264 24576 12288 26624 13312 28672 14336
# SP_C_BRIGHT        case 135  (SPAN)
5 135 1 0 100 100 132 17 224 2 1 0 101 4 0 0 2048 1024 4096 2048 6144 3072 8192 4096
# SP_C_MERGER        case 136  (SPAN)
5 136 1 0 100 100 132 17 224 4 1 0 101 4 0 0 2048 1024 4096 2048 6144 3072 8192 4096
# SP_C_BUMP          case 137  (SPAN)
5 137 1 2 100 100 132 7 224 8 1 0 101 4 0 0 2048 1024 4096 2048 6144 3072 8192 4096
# SP_HALF            case 138  (SPAN)
5 138 1 0 100 100 132 17 224 0 0 1 150 4 0 0 1024 512 2048 1024 3072 1536 4096 2048
# SP_HALF_END        case 139  (SPAN)
5 139 1 0 100 100 132 17 224 0 0 1 100 4 0 0 1024 512 2048 1024 3072 1536 4096 2048
# SP_HALF_CULL       case 140  (SPAN)
5 140 1 0 100 100 132 17 224 0 1 1 150 4 0 0 2048 1024 4096 2048 6144 3072 8192 4096
# SP_ATLBX           case 141  (SPAN)
5 141 1 0 100 5 40 0 224 0 0 0 101 5 0 0 1024 512 2048 1024 3072 1536 4096 2048 5120 2560
# SP_ATUBX           case 142  (SPAN)
5 142 1 0 100 280 311 0 224 0 0 0 101 4 0 0 1024 512 2048 1024 3072 1536 4096 2048
# SP_TOPROW          case 143  (SPAN)
5 143 1 0 10 100 132 0 224 0 0 0 11 4 0 0 1024 512 2048 1024 3072 1536 4096 2048
# SP_BOTROW          case 144  (SPAN)
5 144 1 0 190 100 132 0 224 0 0 0 190 4 0 0 1024 512 2048 1024 3072 1536 4096 2048
0
