# SCAL - round_half_even(int16 x float32), the whole live dy range.
# The clamp values, the gman thresholds, and the ADVERSARIAL set:
# binary32 neighbours of (k+0.5)/dy, where a float32 multiply fails.
7 700 981668463
7 701 1008981770
7 702 1051260355
7 703 1059648963
7 704 1065185444
7 705 1068037571
7 706 1056964608
7 707 1048576000
7 708 1040187392
7 709 1065353216
7 710 1042983594
7 711 1042983595
7 712 1042983596
7 713 1056964607
7 714 1056964609
7 715 1062557012
7 716 1062557013
7 717 1062557014
7 718 1072343722
7 719 1072343723
7 720 1072343724
7 721 1096286207
7 722 1096286208
7 723 1096286209
7 724 1032997156
7 725 1032997157
7 726 1032997158
7 727 1046179254
7 728 1046179255
7 729 1046179256
7 730 1052171117
7 731 1052171118
7 732 1052171119
7 733 1061758097
7 734 1061758098
7 735 1061758099
7 736 1085875345
7 737 1085875346
7 738 1085875347
7 739 1022423280
7 740 1022423281
7 741 1022423282
7 742 1035252916
7 743 1035252917
7 744 1035252918
7 745 1041667734
7 746 1041667735
7 747 1041667736
7 748 1051043237
7 749 1051043238
7 750 1051043239
7 751 1075345527
7 752 1075345528
7 753 1075345529
7 754 1002197603
7 755 1002197604
7 756 1002197605
7 757 1015889354
7 758 1015889355
7 759 1015889356
7 760 1022060284
7 761 1022060285
7 762 1022060286
7 763 1031895204
7 764 1031895205
7 765 1031895206
7 766 1055807558
7 767 1055807559
7 768 1055807560
7 769 999985383
7 770 999985384
7 771 999985385
7 772 1013438811
7 773 1013438812
7 774 1013438813
7 775 1019295009
7 776 1019295010
7 777 1019295011
7 778 1028949822
7 779 1028949823
7 780 1028949824
7 781 1053007716
7 782 1053007717
7 783 1053007718
# MAPD/OFFD - the decode census, over the SHIPPED bytes.
8 800 1 22586
9 900 0 7340
# GRAS - globe_raster.  Pinned mag/centre/gman: everything after the
# clamp ladder is integer, so these pages are byte-exact.
1 100 0 1 1045220557 158 100 1 0 0 0 2 0
1 101 0 1 1056964608 158 100 2 0 64 0 2 0
1 102 0 1 1061997773 158 100 3 0 128 32 3 0
1 103 0 1 1068037571 158 100 4 718 192 63 2 0
1 104 0 1 1056964608 158 100 2 0 192 255 2 0
1 110 0 1 1068037571 8 100 4 0 0 0 2 0
1 111 0 1 1068037571 308 100 4 0 0 0 2 0
1 112 0 1 1068037571 158 8 1 0 0 0 2 0
1 113 0 1 1068037571 158 188 1 0 0 0 2 0
1 120 0 1 981668463 158 100 1 0 0 0 2 0
1 121 2 2 1045220557 100 60 2 0 64 0 2 0
1 130 0 1 1061997773 158 100 3 0 0 0 2 1
# GLOW - glowinglobe_raster.  Case 203 drives riga OUT OF RANGE on
# purpose: its page is UNGRADEABLE and its OOB census says so.
2 200 0 0 1050253722 158 100 0 130 127
2 201 0 0 1050253722 158 100 45 130 127
2 202 0 0 1059648963 158 100 0 130 191
2 203 0 0 1050253722 158 250 0 130 127
2 204 0 0 1050253722 158 100 0 0 127
2 205 0 0 1050253722 158 100 0 360 127
# BG - background.  screenshift 0, the shipped -643, and the four
# values that fold a paint index into 0..3, where masking at the
# segment origin and masking at the buffer base disagree.
# smallest paint word in OFFSETS.MAP: 2258
# largest paint word: 61741 ; shift 3785 puts it at DI = 65530
3 300 0 1 0 0 0
3 301 0 1 0 64893 0
3 302 0 1 18360 64893 0
3 310 0 1 0 63274 0
3 311 0 1 0 63275 0
3 312 0 1 0 63276 0
3 313 0 1 0 63277 0
3 330 0 1 0 3785 0
3 320 0 1 0 64893 1
# DARK - surface()'s terminator band, and both derivations.
# view=100,rot=0 drives plwp negative before the sign correction,
# which is the only place C's truncating %% is observable.
4 400 1 0 0 0
4 401 1 0 0 270
4 402 1 0 100 0
4 403 1 0 0 359
4 404 1 0 300 300
# WGLB/WSUN.  fgm_factor -0.15 is the value NOCTIS.CPP:2557 passes;
# pre-state 3 fills the page with 200 so that pix += target[] wraps
# the signed char and the 0x3F clamp does NOT fire.
5 500 0 0 1114636288 1056964608 0 0 0 0 0 1083129856
5 501 3 0 1114636288 1056964608 0 0 0 0 0 1083129856
5 502 0 0 1133903872 -1105618534 0 0 0 0 0 1083129856
5 503 0 0 1114636288 1056964608 858993459 1069757235 -1717986918 -1078355559 0 1083129856
5 504 0 0 1114636288 1056964608 0 0 0 1084715008 0 1083129856
6 600 0 0 1114636288 1056964608 0 0 0 0 0 1083129856
6 601 3 0 1114636288 1056964608 0 0 0 0 0 1083129856
6 602 0 0 1133903872 -1105618534 0 0 0 0 0 1083129856
6 603 0 0 1114636288 1056964608 0 1084715008 0 0 0 1083129856
# SETU - the float preambles.  which=0 globe, which=1 glowinglobe.
# The same inputs go to both, so the clamp-order and reject-window
# differences are measured rather than asserted.
14 1400 0 1157234688 0 0 0 0 0 1083129856
14 1450 1 1157234688 0 0 0 0 0 1083129856
14 1401 0 1147207680 0 0 0 0 0 1083129856
14 1451 1 1147207680 0 0 0 0 0 1083129856
14 1402 0 1140457472 0 0 0 0 0 1083129856
14 1452 1 1140457472 0 0 0 0 0 1083129856
14 1403 0 1128792064 0 0 0 0 0 1083129856
14 1453 1 1128792064 0 0 0 0 0 1083129856
14 1404 0 1084227584 0 0 0 0 0 1083129856
14 1454 1 1084227584 0 0 0 0 0 1083129856
14 1405 0 1143930880 858993459 1070805811 -1717986918 -1077306983 0 1083129856
14 1455 1 1143930880 858993459 1070805811 -1717986918 -1077306983 0 1083129856
14 1406 0 1143930880 0 1083359232 0 0 0 1083129856
14 1456 1 1143930880 0 1083359232 0 0 0 1083129856
14 1407 0 1143930880 0 0 0 0 0 -1072431104
14 1457 1 1143930880 0 0 0 0 0 -1072431104
# NCC.  The animals are loaded in the SHIPPED ORDER - mamm_base,
# mamm_result, bird_base, bird_result - so the arena offsets must
# come out 0 / 3740 / 7480 / 8840 with datatop 10200.  A re-laid-out
# arena fails on every one of them.
15 1000
10 1010 2 1 1065353216 1061158912 1065353216 0 0 0 64 1
10 1011 3 1 1065353216 1065353216 1065353216 0 0 0 128 1
10 1012 0 2 1065353216 1061997773 1067450368 0 0 0 64 1
10 1013 1 2 1065353216 1065353216 1065353216 0 0 0 128 1
16 1020 2
16 1021 0
# modpv with a real pvlist - mamm_ears from NOCTIS-1.CPP:586.
# polygon_id in bits 0..11, vtxflag_0..3 in bits 12..15, terminator
# 0xFFF: Borland packs bitfields LOW BITS FIRST.
13 1030 2 -1 -1 1071225242 1063675494 1067869798 1106247680 0 0 5 8234 16429 4139 16428 4095
16 1031 2
# copypv resets mamm_result from mamm_base INCLUDING pv_dep_i;
# three DRAW frames then show the permutation evolving.
12 1040 3 2
16 1041 3
11 1050 3 1 1 0 0 0 0 0 1077936128
11 1051 3 1 1 0 0 0 0 0 1082130432
11 1052 3 1 1 0 0 0 0 0 1084227584
16 1060 3
11 1061 3 0 0 0 0 0 0 0 1077936128
# VEHICLE, on its own arena.  It is the only shipped model whose
# slot-3 garbage can overflow - 26 components above 1e6 and 2 that
# are not finite - so it is the only one that grades the zeroing.
15 1100
10 1110 0 0 1097859072 1097859072 1097859072 0 0 0 0 1
16 1120 0
# the vehicle is never copypv'd, so its pv_dep_i sorts INCREMENTALLY
# across frames - four frames, four different permutations.
11 1130 0 0 1 0 0 0 0 0 1082130432
11 1131 0 0 1 0 0 0 0 1065353216 1082130432
11 1132 0 0 1 0 0 0 0 1073741824 1082130432
11 1133 0 0 1 0 0 0 0 1077936128 1082130432
16 1140 0
0
